3 5 8 11 13 20
3 5 8 11 13 28
3 5 8 11 13 44
3 5 8 11 19 20
3 5 8 11 19 28
3 5 8 11 19 44
3 5 8 11 20 23
3 5 8 11 20 25
3 5 8 11 20 28
3 5 8 11 20 33
3 5 8 11 20 44
3 5 8 11 20 49
3 5 8 11 23 28
3 5 8 11 23 44
3 5 8 11 25 28
3 5 8 11 25 44
3 5 8 11 28 33
3 5 8 11 28 44
3 5 8 11 28 49
3 5 8 11 33 44
3 5 8 11 44 49
3 5 8 13 19 20
3 5 8 13 19 28
3 5 8 13 19 44
3 5 8 13 20 23
3 5 8 13 20 25
3 5 8 13 20 28
3 5 8 13 20 33
3 5 8 13 20 44
3 5 8 13 20 49
3 5 8 13 23 28
3 5 8 13 23 44
3 5 8 13 25 28
3 5 8 13 25 44
3 5 8 13 28 33
3 5 8 13 28 44
3 5 8 13 28 49
3 5 8 13 33 44
3 5 8 13 44 49
3 5 8 19 20 23
3 5 8 19 20 25
3 5 8 19 20 28
3 5 8 19 20 33
3 5 8 19 20 44
3 5 8 19 20 49
3 5 8 19 23 28
3 5 8 19 23 44
3 5 8 19 25 28
3 5 8 19 25 44
3 5 8 19 28 33
3 5 8 19 28 44
3 5 8 19 28 49
3 5 8 19 33 44
3 5 8 19 44 49
3 5 8 20 23 25
3 5 8 20 23 28
3 5 8 20 23 33
3 5 8 20 23 44
3 5 8 20 23 49
3 5 8 20 25 28
3 5 8 20 25 33
3 5 8 20 25 44
3 5 8 20 25 49
3 5 8 20 28 33
3 5 8 20 28 44
3 5 8 20 28 49
3 5 8 20 33 44
3 5 8 20 33 49
3 5 8 20 44 49
3 5 8 23 25 28
3 5 8 23 25 44
3 5 8 23 28 33
3 5 8 23 28 44
3 5 8 23 28 49
3 5 8 23 33 44
3 5 8 23 44 49
3 5 8 25 28 33
3 5 8 25 28 44
3 5 8 25 28 49
3 5 8 25 33 44
3 5 8 25 44 49
3 5 8 28 33 44
3 5 8 28 33 49
3 5 8 28 44 49
3 5 8 33 44 49
3 5 9 11 20 28
3 5 9 11 20 44
3 5 9 11 28 44
3 5 9 13 20 28
3 5 9 13 20 44
3 5 9 13 28 44
3 5 9 19 20 28
3 5 9 19 20 44
3 5 9 19 28 44
3 5 9 20 23 28
3 5 9 20 23 44
3 5 9 20 25 28
3 5 9 20 25 44
3 5 9 20 28 33
3 5 9 20 28 44
3 5 9 20 28 49
3 5 9 20 33 44
3 5 9 20 44 49
3 5 9 23 28 44
3 5 9 25 28 44
3 5 9 28 33 44
3 5 9 28 44 49
3 5 11 13 20 28
3 5 11 13 20 44
3 5 11 13 28 44
3 5 11 19 20 28
3 5 11 19 20 44
3 5 11 19 28 44
3 5 11 20 23 28
3 5 11 20 23 44
3 5 11 20 25 28
3 5 11 20 25 44
3 5 11 20 28 33
3 5 11 20 28 44
3 5 11 20 28 49
3 5 11 20 33 44
3 5 11 20 44 49
3 5 11 23 28 44
3 5 11 25 28 44
3 5 11 28 33 44
3 5 11 28 44 49
3 5 13 19 20 28
3 5 13 19 20 44
3 5 13 19 28 44
3 5 13 20 23 28
3 5 13 20 23 44
3 5 13 20 25 28
3 5 13 20 25 44
3 5 13 20 28 33
3 5 13 20 28 44
3 5 13 20 28 49
3 5 13 20 33 44
3 5 13 20 44 49
3 5 13 23 28 44
3 5 13 25 28 44
3 5 13 28 33 44
3 5 13 28 44 49
3 5 19 20 23 28
3 5 19 20 23 44
3 5 19 20 25 28
3 5 19 20 25 44
3 5 19 20 28 33
3 5 19 20 28 44
3 5 19 20 28 49
3 5 19 20 33 44
3 5 19 20 44 49
3 5 19 23 28 44
3 5 19 25 28 44
3 5 19 28 33 44
3 5 19 28 44 49
3 5 20 23 25 44
3 5 20 23 28 33
3 5 20 23 28 44
3 5 20 23 28 49
3 5 20 23 33 44
3 5 20 23 44 49
3 5 20 25 28 33
3 5 20 25 28 44
3 5 20 25 28 49
3 5 20 25 33 44
3 5 20 25 44 49
3 5 20 28 33 44
3 5 20 28 33 49
3 5 20 28 44 49
3 5 20 33 44 49
3 5 23 25 28 44
3 5 23 28 33 44
3 5 23 28 44 49
3 5 25 28 33 44
3 5 25 28 44 49
3 5 28 33 44 49
3 8 9 11 13 20
3 8 9 11 13 28
3 8 9 11 13 44
3 8 9 11 19 20
3 8 9 11 19 28
3 8 9 11 19 44
3 8 9 11 20 23
3 8 9 11 20 25
3 8 9 11 20 28
3 8 9 11 20 33
3 8 9 11 20 44
3 8 9 11 20 49
3 8 9 11 23 28
3 8 9 11 23 44
3 8 9 11 25 28
3 8 9 11 25 44
3 8 9 11 28 33
3 8 9 11 28 44
3 8 9 11 28 49
3 8 9 11 33 44
3 8 9 11 44 49
3 8 9 13 19 20
3 8 9 13 19 28
3 8 9 13 19 44
3 8 9 13 20 23
3 8 9 13 20 25
3 8 9 13 20 28
3 8 9 13 20 33
3 8 9 13 20 44
3 8 9 13 20 49
3 8 9 13 23 28
3 8 9 13 23 44
3 8 9 13 25 28
3 8 9 13 25 44
3 8 9 13 28 33
3 8 9 13 28 44
3 8 9 13 28 49
3 8 9 13 33 44
3 8 9 13 44 49
3 8 9 19 20 23
3 8 9 19 20 25
3 8 9 19 20 28
3 8 9 19 20 33
3 8 9 19 20 44
3 8 9 19 20 49
3 8 9 19 23 28
3 8 9 19 23 44
3 8 9 19 25 28
3 8 9 19 25 44
3 8 9 19 28 33
3 8 9 19 28 44
3 8 9 19 28 49
3 8 9 19 33 44
3 8 9 19 44 49
3 8 9 20 23 25
3 8 9 20 23 28
3 8 9 20 23 33
3 8 9 20 23 44
3 8 9 20 23 49
3 8 9 20 25 28
3 8 9 20 25 33
3 8 9 20 25 44
3 8 9 20 25 49
3 8 9 20 28 33
3 8 9 20 28 44
3 8 9 20 28 49
3 8 9 20 33 44
3 8 9 20 33 49
3 8 9 20 44 49
3 8 9 23 25 28
3 8 9 23 25 44
3 8 9 23 28 33
3 8 9 23 28 44
3 8 9 23 28 49
3 8 9 23 33 44
3 8 9 23 44 49
3 8 9 25 28 33
3 8 9 25 28 44
3 8 9 25 28 49
3 8 9 25 33 44
3 8 9 25 44 49
3 8 9 28 33 44
3 8 9 28 33 49
3 8 9 28 44 49
3 8 9 33 44 49
3 8 11 13 19 20
3 8 11 13 19 28
3 8 11 13 19 44
3 8 11 13 20 23
3 8 11 13 20 25
3 8 11 13 20 28
3 8 11 13 20 33
3 8 11 13 20 44
3 8 11 13 20 49
3 8 11 13 23 28
3 8 11 13 23 44
3 8 11 13 25 28
3 8 11 13 25 44
3 8 11 13 28 33
3 8 11 13 28 44
3 8 11 13 28 49
3 8 11 13 33 44
3 8 11 13 44 49
3 8 11 19 20 23
3 8 11 19 20 25
3 8 11 19 20 28
3 8 11 19 20 33
3 8 11 19 20 44
3 8 11 19 20 49
3 8 11 19 23 28
3 8 11 19 23 44
3 8 11 19 25 28
3 8 11 19 25 44
3 8 11 19 28 33
3 8 11 19 28 44
3 8 11 19 28 49
3 8 11 19 33 44
3 8 11 19 44 49
3 8 11 20 23 25
3 8 11 20 23 28
3 8 11 20 23 33
3 8 11 20 23 44
3 8 11 20 23 49
3 8 11 20 25 28
3 8 11 20 25 33
3 8 11 20 25 44
3 8 11 20 25 49
3 8 11 20 28 33
3 8 11 20 28 44
3 8 11 20 28 49
3 8 11 20 33 44
3 8 11 20 33 49
3 8 11 20 44 49
3 8 11 23 25 28
3 8 11 23 25 44
3 8 11 23 28 33
3 8 11 23 28 44
3 8 11 23 28 49
3 8 11 23 33 44
3 8 11 23 44 49
3 8 11 25 28 33
3 8 11 25 28 44
3 8 11 25 28 49
3 8 11 25 33 44
3 8 11 25 44 49
3 8 11 28 33 44
3 8 11 28 33 49
3 8 11 28 44 49
3 8 11 33 44 49
3 8 13 19 20 23
3 8 13 19 20 25
3 8 13 19 20 28
3 8 13 19 20 33
3 8 13 19 20 44
3 8 13 19 20 49
3 8 13 19 23 28
3 8 13 19 23 44
3 8 13 19 25 28
3 8 13 19 25 44
3 8 13 19 28 33
3 8 13 19 28 44
3 8 13 19 28 49
3 8 13 19 33 44
3 8 13 19 44 49
3 8 13 20 23 25
3 8 13 20 23 28
3 8 13 20 23 44
3 8 13 20 23 49
3 8 13 20 25 28
3 8 13 20 25 33
3 8 13 20 25 44
3 8 13 20 25 49
3 8 13 20 28 33
3 8 13 20 28 44
3 8 13 20 28 49
3 8 13 20 33 44
3 8 13 20 33 49
3 8 13 20 44 49
3 8 13 23 25 28
3 8 13 23 25 44
3 8 13 23 28 44
3 8 13 23 28 49
3 8 13 23 44 49
3 8 13 25 28 33
3 8 13 25 28 44
3 8 13 25 28 49
3 8 13 25 33 44
3 8 13 25 44 49
3 8 13 28 33 44
3 8 13 28 33 49
3 8 13 28 44 49
3 8 13 33 44 49
3 8 19 20 23 25
3 8 19 20 23 28
3 8 19 20 23 33
3 8 19 20 23 44
3 8 19 20 23 49
3 8 19 20 25 28
3 8 19 20 25 33
3 8 19 20 25 44
3 8 19 20 25 49
3 8 19 20 28 33
3 8 19 20 28 44
3 8 19 20 28 49
3 8 19 20 33 44
3 8 19 20 33 49
3 8 19 20 44 49
3 8 19 23 25 28
3 8 19 23 25 44
3 8 19 23 28 33
3 8 19 23 28 44
3 8 19 23 28 49
3 8 19 23 33 44
3 8 19 23 44 49
3 8 19 25 28 33
3 8 19 25 28 44
3 8 19 25 28 49
3 8 19 25 33 44
3 8 19 25 44 49
3 8 19 28 33 44
3 8 19 28 33 49
3 8 19 28 44 49
3 8 19 33 44 49
3 8 20 23 25 33
3 8 20 23 25 44
3 8 20 23 25 49
3 8 20 23 28 33
3 8 20 23 28 44
3 8 20 23 28 49
3 8 20 23 33 44
3 8 20 23 33 49
3 8 20 23 44 49
3 8 20 25 28 33
3 8 20 25 28 44
3 8 20 25 28 49
3 8 20 25 33 44
3 8 20 25 33 49
3 8 20 25 44 49
3 8 20 28 33 44
3 8 20 28 33 49
3 8 20 28 44 49
3 8 20 33 44 49
3 8 23 25 28 33
3 8 23 25 28 44
3 8 23 25 28 49
3 8 23 25 33 44
3 8 23 25 44 49
3 8 23 28 33 44
3 8 23 28 33 49
3 8 23 28 44 49
3 8 23 33 44 49
3 8 25 28 33 44
3 8 25 28 33 49
3 8 25 28 44 49
3 8 25 33 44 49
3 8 28 33 44 49
3 9 11 13 20 28
3 9 11 13 20 44
3 9 11 13 28 44
3 9 11 19 20 28
3 9 11 19 20 44
3 9 11 19 28 44
3 9 11 20 23 28
3 9 11 20 23 44
3 9 11 20 25 28
3 9 11 20 25 44
3 9 11 20 28 33
3 9 11 20 28 44
3 9 11 20 28 49
3 9 11 20 33 44
3 9 11 20 44 49
3 9 11 23 28 44
3 9 11 25 28 44
3 9 11 28 33 44
3 9 11 28 44 49
3 9 13 19 20 28
3 9 13 19 20 44
3 9 13 19 28 44
3 9 13 20 23 28
3 9 13 20 23 44
3 9 13 20 25 28
3 9 13 20 25 44
3 9 13 20 28 33
3 9 13 20 28 44
3 9 13 20 28 49
3 9 13 20 33 44
3 9 13 20 44 49
3 9 13 23 28 44
3 9 13 25 28 44
3 9 13 28 33 44
3 9 13 28 44 49
3 9 19 20 23 28
3 9 19 20 23 44
3 9 19 20 25 28
3 9 19 20 25 44
3 9 19 20 28 33
3 9 19 20 28 44
3 9 19 20 28 49
3 9 19 20 33 44
3 9 19 20 44 49
3 9 19 23 28 44
3 9 19 25 28 44
3 9 19 28 33 44
3 9 19 28 44 49
3 9 20 23 25 44
3 9 20 23 28 33
3 9 20 23 28 44
3 9 20 23 28 49
3 9 20 23 33 44
3 9 20 23 44 49
3 9 20 25 28 33
3 9 20 25 28 44
3 9 20 25 28 49
3 9 20 25 33 44
3 9 20 25 44 49
3 9 20 28 33 44
3 9 20 28 33 49
3 9 20 28 44 49
3 9 20 33 44 49
3 9 23 25 28 44
3 9 23 28 33 44
3 9 23 28 44 49
3 9 25 28 33 44
3 9 25 28 44 49
3 9 28 33 44 49
3 11 13 19 20 28
3 11 13 19 20 44
3 11 13 19 28 44
3 11 13 20 23 28
3 11 13 20 23 44
3 11 13 20 25 28
3 11 13 20 25 44
3 11 13 20 28 33
3 11 13 20 28 44
3 11 13 20 28 49
3 11 13 20 33 44
3 11 13 20 44 49
3 11 13 23 28 44
3 11 13 25 28 44
3 11 13 28 33 44
3 11 13 28 44 49
3 11 19 20 23 28
3 11 19 20 23 44
3 11 19 20 25 28
3 11 19 20 25 44
3 11 19 20 28 33
3 11 19 20 28 44
3 11 19 20 28 49
3 11 19 20 33 44
3 11 19 20 44 49
3 11 19 23 28 44
3 11 19 25 28 44
3 11 19 28 33 44
3 11 19 28 44 49
3 11 20 23 25 44
3 11 20 23 28 33
3 11 20 23 28 44
3 11 20 23 28 49
3 11 20 23 33 44
3 11 20 23 44 49
3 11 20 25 28 33
3 11 20 25 28 44
3 11 20 25 28 49
3 11 20 25 33 44
3 11 20 25 44 49
3 11 20 28 33 44
3 11 20 28 33 49
3 11 20 28 44 49
3 11 20 33 44 49
3 11 23 25 28 44
3 11 23 28 33 44
3 11 23 28 44 49
3 11 25 28 33 44
3 11 25 28 44 49
3 11 28 33 44 49
3 13 19 20 23 28
3 13 19 20 23 44
3 13 19 20 25 28
3 13 19 20 25 44
3 13 19 20 28 33
3 13 19 20 28 44
3 13 19 20 28 49
3 13 19 20 33 44
3 13 19 20 44 49
3 13 19 23 28 44
3 13 19 25 28 44
3 13 19 28 33 44
3 13 19 28 44 49
3 13 20 23 25 44
3 13 20 23 28 44
3 13 20 23 28 49
3 13 20 23 44 49
3 13 20 25 28 33
3 13 20 25 28 44
3 13 20 25 28 49
3 13 20 25 33 44
3 13 20 25 44 49
3 13 20 28 33 44
3 13 20 28 33 49
3 13 20 28 44 49
3 13 20 33 44 49
3 13 23 25 28 44
3 13 23 28 44 49
3 13 25 28 33 44
3 13 25 28 44 49
3 13 28 33 44 49
3 19 20 23 25 44
3 19 20 23 28 33
3 19 20 23 28 44
3 19 20 23 28 49
3 19 20 23 33 44
3 19 20 23 44 49
3 19 20 25 28 33
3 19 20 25 28 44
3 19 20 25 28 49
3 19 20 25 33 44
3 19 20 25 44 49
3 19 20 28 33 44
3 19 20 28 33 49
3 19 20 28 44 49
3 19 20 33 44 49
3 19 23 25 28 44
3 19 23 28 33 44
3 19 23 28 44 49
3 19 25 28 33 44
3 19 25 28 44 49
3 19 28 33 44 49
3 20 23 25 33 44
3 20 23 25 44 49
3 20 23 28 33 44
3 20 23 28 33 49
3 20 23 28 44 49
3 20 23 33 44 49
3 20 25 28 33 44
3 20 25 28 33 49
3 20 25 28 44 49
3 20 25 33 44 49
3 20 28 33 44 49
3 23 25 28 33 44
3 23 25 28 44 49
3 23 28 33 44 49
3 25 28 33 44 49
5 8 9 11 13 20
5 8 9 11 13 28
5 8 9 11 13 44
5 8 9 11 19 20
5 8 9 11 19 28
5 8 9 11 19 44
5 8 9 11 20 23
5 8 9 11 20 25
5 8 9 11 20 28
5 8 9 11 20 33
5 8 9 11 20 44
5 8 9 11 20 49
5 8 9 11 23 28
5 8 9 11 23 44
5 8 9 11 25 28
5 8 9 11 25 44
5 8 9 11 28 33
5 8 9 11 28 44
5 8 9 11 28 49
5 8 9 11 33 44
5 8 9 11 44 49
5 8 9 13 19 20
5 8 9 13 19 28
5 8 9 13 19 44
5 8 9 13 20 23
5 8 9 13 20 25
5 8 9 13 20 28
5 8 9 13 20 33
5 8 9 13 20 44
5 8 9 13 20 49
5 8 9 13 23 28
5 8 9 13 23 44
5 8 9 13 25 28
5 8 9 13 25 44
5 8 9 13 28 33
5 8 9 13 28 44
5 8 9 13 28 49
5 8 9 13 33 44
5 8 9 13 44 49
5 8 9 19 20 23
5 8 9 19 20 25
5 8 9 19 20 28
5 8 9 19 20 33
5 8 9 19 20 44
5 8 9 19 20 49
5 8 9 19 23 28
5 8 9 19 23 44
5 8 9 19 25 28
5 8 9 19 25 44
5 8 9 19 28 33
5 8 9 19 28 44
5 8 9 19 28 49
5 8 9 19 33 44
5 8 9 19 44 49
5 8 9 20 23 25
5 8 9 20 23 28
5 8 9 20 23 33
5 8 9 20 23 44
5 8 9 20 23 49
5 8 9 20 25 28
5 8 9 20 25 33
5 8 9 20 25 44
5 8 9 20 25 49
5 8 9 20 28 33
5 8 9 20 28 44
5 8 9 20 28 49
5 8 9 20 33 44
5 8 9 20 33 49
5 8 9 20 44 49
5 8 9 23 25 28
5 8 9 23 25 44
5 8 9 23 28 33
5 8 9 23 28 44
5 8 9 23 28 49
5 8 9 23 33 44
5 8 9 23 44 49
5 8 9 25 28 33
5 8 9 25 28 44
5 8 9 25 28 49
5 8 9 25 33 44
5 8 9 25 44 49
5 8 9 28 33 44
5 8 9 28 33 49
5 8 9 28 44 49
5 8 9 33 44 49
5 8 11 13 19 20
5 8 11 13 19 28
5 8 11 13 19 44
5 8 11 13 20 23
5 8 11 13 20 25
5 8 11 13 20 28
5 8 11 13 20 33
5 8 11 13 20 44
5 8 11 13 20 49
5 8 11 13 23 28
5 8 11 13 23 44
5 8 11 13 25 28
5 8 11 13 25 44
5 8 11 13 28 33
5 8 11 13 28 44
5 8 11 13 28 49
5 8 11 13 33 44
5 8 11 13 44 49
5 8 11 19 20 23
5 8 11 19 20 25
5 8 11 19 20 28
5 8 11 19 20 33
5 8 11 19 20 44
5 8 11 19 20 49
5 8 11 19 23 28
5 8 11 19 23 44
5 8 11 19 25 28
5 8 11 19 25 44
5 8 11 19 28 33
5 8 11 19 28 44
5 8 11 19 28 49
5 8 11 19 33 44
5 8 11 19 44 49
5 8 11 20 23 25
5 8 11 20 23 28
5 8 11 20 23 33
5 8 11 20 23 44
5 8 11 20 23 49
5 8 11 20 25 28
5 8 11 20 25 33
5 8 11 20 25 44
5 8 11 20 25 49
5 8 11 20 28 33
5 8 11 20 28 44
5 8 11 20 28 49
5 8 11 20 33 44
5 8 11 20 33 49
5 8 11 20 44 49
5 8 11 23 25 28
5 8 11 23 25 44
5 8 11 23 28 33
5 8 11 23 28 44
5 8 11 23 28 49
5 8 11 23 33 44
5 8 11 23 44 49
5 8 11 25 28 33
5 8 11 25 28 44
5 8 11 25 28 49
5 8 11 25 33 44
5 8 11 25 44 49
5 8 11 28 33 44
5 8 11 28 33 49
5 8 11 28 44 49
5 8 11 33 44 49
5 8 13 19 20 23
5 8 13 19 20 25
5 8 13 19 20 28
5 8 13 19 20 33
5 8 13 19 20 44
5 8 13 19 20 49
5 8 13 19 23 28
5 8 13 19 23 44
5 8 13 19 25 28
5 8 13 19 25 44
5 8 13 19 28 33
5 8 13 19 28 44
5 8 13 19 28 49
5 8 13 19 33 44
5 8 13 19 44 49
5 8 13 20 23 25
5 8 13 20 23 28
5 8 13 20 23 33
5 8 13 20 23 44
5 8 13 20 23 49
5 8 13 20 25 28
5 8 13 20 25 33
5 8 13 20 25 44
5 8 13 20 25 49
5 8 13 20 28 33
5 8 13 20 28 44
5 8 13 20 28 49
5 8 13 20 33 44
5 8 13 20 33 49
5 8 13 20 44 49
5 8 13 23 25 28
5 8 13 23 25 44
5 8 13 23 28 33
5 8 13 23 28 44
5 8 13 23 28 49
5 8 13 23 33 44
5 8 13 23 44 49
5 8 13 25 28 33
5 8 13 25 28 44
5 8 13 25 28 49
5 8 13 25 33 44
5 8 13 25 44 49
5 8 13 28 33 44
5 8 13 28 33 49
5 8 13 28 44 49
5 8 13 33 44 49
5 8 19 20 23 25
5 8 19 20 23 28
5 8 19 20 23 33
5 8 19 20 23 44
5 8 19 20 23 49
5 8 19 20 25 28
5 8 19 20 25 33
5 8 19 20 25 44
5 8 19 20 25 49
5 8 19 20 28 33
5 8 19 20 28 44
5 8 19 20 28 49
5 8 19 20 33 44
5 8 19 20 33 49
5 8 19 20 44 49
5 8 19 23 25 28
5 8 19 23 25 44
5 8 19 23 28 33
5 8 19 23 28 44
5 8 19 23 28 49
5 8 19 23 33 44
5 8 19 23 44 49
5 8 19 25 28 33
5 8 19 25 28 44
5 8 19 25 28 49
5 8 19 25 33 44
5 8 19 25 44 49
5 8 19 28 33 44
5 8 19 28 33 49
5 8 19 28 44 49
5 8 19 33 44 49
5 8 20 23 25 33
5 8 20 23 25 44
5 8 20 23 25 49
5 8 20 23 28 33
5 8 20 23 28 44
5 8 20 23 28 49
5 8 20 23 33 44
5 8 20 23 33 49
5 8 20 23 44 49
5 8 20 25 28 33
5 8 20 25 28 44
5 8 20 25 28 49
5 8 20 25 33 44
5 8 20 25 33 49
5 8 20 25 44 49
5 8 20 28 33 44
5 8 20 28 33 49
5 8 20 28 44 49
5 8 20 33 44 49
5 8 23 25 28 33
5 8 23 25 28 44
5 8 23 25 28 49
5 8 23 25 33 44
5 8 23 25 44 49
5 8 23 28 33 44
5 8 23 28 33 49
5 8 23 28 44 49
5 8 23 33 44 49
5 8 25 28 33 44
5 8 25 28 33 49
5 8 25 28 44 49
5 8 25 33 44 49
5 8 28 33 44 49
5 9 11 13 20 28
5 9 11 13 20 44
5 9 11 13 28 44
5 9 11 19 20 28
5 9 11 19 20 44
5 9 11 19 28 44
5 9 11 20 23 28
5 9 11 20 23 44
5 9 11 20 25 28
5 9 11 20 25 44
5 9 11 20 28 33
5 9 11 20 28 44
5 9 11 20 28 49
5 9 11 20 33 44
5 9 11 20 44 49
5 9 11 23 28 44
5 9 11 25 28 44
5 9 11 28 33 44
5 9 11 28 44 49
5 9 13 19 20 28
5 9 13 19 20 44
5 9 13 19 28 44
5 9 13 20 23 28
5 9 13 20 23 44
5 9 13 20 25 28
5 9 13 20 25 44
5 9 13 20 28 33
5 9 13 20 28 44
5 9 13 20 28 49
5 9 13 20 33 44
5 9 13 20 44 49
5 9 13 23 28 44
5 9 13 25 28 44
5 9 13 28 33 44
5 9 13 28 44 49
5 9 19 20 23 28
5 9 19 20 23 44
5 9 19 20 25 28
5 9 19 20 25 44
5 9 19 20 28 33
5 9 19 20 28 44
5 9 19 20 28 49
5 9 19 20 33 44
5 9 19 20 44 49
5 9 19 23 28 44
5 9 19 25 28 44
5 9 19 28 33 44
5 9 19 28 44 49
5 9 20 23 25 44
5 9 20 23 28 33
5 9 20 23 28 44
5 9 20 23 28 49
5 9 20 23 33 44
5 9 20 23 44 49
5 9 20 25 28 33
5 9 20 25 28 44
5 9 20 25 28 49
5 9 20 25 33 44
5 9 20 25 44 49
5 9 20 28 33 44
5 9 20 28 33 49
5 9 20 28 44 49
5 9 20 33 44 49
5 9 23 25 28 44
5 9 23 28 33 44
5 9 23 28 44 49
5 9 25 28 33 44
5 9 25 28 44 49
5 9 28 33 44 49
5 11 13 19 20 28
5 11 13 19 20 44
5 11 13 19 28 44
5 11 13 20 23 28
5 11 13 20 23 44
5 11 13 20 25 28
5 11 13 20 25 44
5 11 13 20 28 33
5 11 13 20 28 44
5 11 13 20 28 49
5 11 13 20 33 44
5 11 13 20 44 49
5 11 13 23 28 44
5 11 13 25 28 44
5 11 13 28 33 44
5 11 13 28 44 49
5 11 19 20 23 28
5 11 19 20 23 44
5 11 19 20 25 28
5 11 19 20 25 44
5 11 19 20 28 33
5 11 19 20 28 44
5 11 19 20 28 49
5 11 19 20 33 44
5 11 19 20 44 49
5 11 19 23 28 44
5 11 19 25 28 44
5 11 19 28 33 44
5 11 19 28 44 49
5 11 20 23 25 44
5 11 20 23 28 33
5 11 20 23 28 44
5 11 20 23 28 49
5 11 20 23 33 44
5 11 20 23 44 49
5 11 20 25 28 33
5 11 20 25 28 44
5 11 20 25 28 49
5 11 20 25 33 44
5 11 20 25 44 49
5 11 20 28 33 44
5 11 20 28 33 49
5 11 20 28 44 49
5 11 20 33 44 49
5 11 23 25 28 44
5 11 23 28 33 44
5 11 23 28 44 49
5 11 25 28 33 44
5 11 25 28 44 49
5 11 28 33 44 49
5 13 19 20 23 28
5 13 19 20 23 44
5 13 19 20 25 28
5 13 19 20 25 44
5 13 19 20 28 33
5 13 19 20 28 44
5 13 19 20 28 49
5 13 19 20 33 44
5 13 19 20 44 49
5 13 19 23 28 44
5 13 19 25 28 44
5 13 19 28 33 44
5 13 19 28 44 49
5 13 20 23 25 44
5 13 20 23 28 33
5 13 20 23 28 44
5 13 20 23 28 49
5 13 20 23 33 44
5 13 20 23 44 49
5 13 20 25 28 33
5 13 20 25 28 44
5 13 20 25 28 49
5 13 20 25 33 44
5 13 20 25 44 49
5 13 20 28 33 44
5 13 20 28 33 49
5 13 20 28 44 49
5 13 20 33 44 49
5 13 23 25 28 44
5 13 23 28 33 44
5 13 23 28 44 49
5 13 25 28 33 44
5 13 25 28 44 49
5 13 28 33 44 49
5 19 20 23 25 44
5 19 20 23 28 33
5 19 20 23 28 44
5 19 20 23 28 49
5 19 20 23 33 44
5 19 20 23 44 49
5 19 20 25 28 33
5 19 20 25 28 44
5 19 20 25 28 49
5 19 20 25 33 44
5 19 20 25 44 49
5 19 20 28 33 44
5 19 20 28 33 49
5 19 20 28 44 49
5 19 20 33 44 49
5 19 23 25 28 44
5 19 23 28 33 44
5 19 23 28 44 49
5 19 25 28 33 44
5 19 25 28 44 49
5 19 28 33 44 49
5 20 23 25 33 44
5 20 23 25 44 49
5 20 23 28 33 44
5 20 23 28 33 49
5 20 23 28 44 49
5 20 23 33 44 49
5 20 25 28 33 44
5 20 25 28 33 49
5 20 25 28 44 49
5 20 25 33 44 49
5 20 28 33 44 49
5 23 25 28 33 44
5 23 25 28 44 49
5 23 28 33 44 49
5 25 28 33 44 49
8 9 11 13 19 20
8 9 11 13 19 28
8 9 11 13 19 44
8 9 11 13 20 23
8 9 11 13 20 25
8 9 11 13 20 28
8 9 11 13 20 33
8 9 11 13 20 44
8 9 11 13 20 49
8 9 11 13 23 28
8 9 11 13 23 44
8 9 11 13 25 28
8 9 11 13 25 44
8 9 11 13 28 33
8 9 11 13 28 44
8 9 11 13 28 49
8 9 11 13 33 44
8 9 11 13 44 49
8 9 11 19 20 23
8 9 11 19 20 25
8 9 11 19 20 28
8 9 11 19 20 33
8 9 11 19 20 44
8 9 11 19 20 49
8 9 11 19 23 28
8 9 11 19 23 44
8 9 11 19 25 28
8 9 11 19 25 44
8 9 11 19 28 33
8 9 11 19 28 44
8 9 11 19 28 49
8 9 11 19 33 44
8 9 11 19 44 49
8 9 11 20 23 25
8 9 11 20 23 28
8 9 11 20 23 33
8 9 11 20 23 44
8 9 11 20 23 49
8 9 11 20 25 28
8 9 11 20 25 33
8 9 11 20 25 44
8 9 11 20 25 49
8 9 11 20 28 33
8 9 11 20 28 44
8 9 11 20 28 49
8 9 11 20 33 44
8 9 11 20 33 49
8 9 11 20 44 49
8 9 11 23 25 28
8 9 11 23 25 44
8 9 11 23 28 33
8 9 11 23 28 44
8 9 11 23 28 49
8 9 11 23 33 44
8 9 11 23 44 49
8 9 11 25 28 33
8 9 11 25 28 44
8 9 11 25 28 49
8 9 11 25 33 44
8 9 11 25 44 49
8 9 11 28 33 44
8 9 11 28 33 49
8 9 11 28 44 49
8 9 11 33 44 49
8 9 13 19 20 23
8 9 13 19 20 25
8 9 13 19 20 28
8 9 13 19 20 33
8 9 13 19 20 44
8 9 13 19 20 49
8 9 13 19 23 28
8 9 13 19 23 44
8 9 13 19 25 28
8 9 13 19 25 44
8 9 13 19 28 33
8 9 13 19 28 44
8 9 13 19 28 49
8 9 13 19 33 44
8 9 13 19 44 49
8 9 13 20 23 25
8 9 13 20 23 28
8 9 13 20 23 33
8 9 13 20 23 44
8 9 13 20 23 49
8 9 13 20 25 28
8 9 13 20 25 33
8 9 13 20 25 44
8 9 13 20 25 49
8 9 13 20 28 33
8 9 13 20 28 44
8 9 13 20 28 49
8 9 13 20 33 44
8 9 13 20 33 49
8 9 13 20 44 49
8 9 13 23 25 28
8 9 13 23 25 44
8 9 13 23 28 33
8 9 13 23 28 44
8 9 13 23 28 49
8 9 13 23 33 44
8 9 13 23 44 49
8 9 13 25 28 33
8 9 13 25 28 44
8 9 13 25 28 49
8 9 13 25 33 44
8 9 13 25 44 49
8 9 13 28 33 44
8 9 13 28 33 49
8 9 13 28 44 49
8 9 13 33 44 49
8 9 19 20 23 25
8 9 19 20 23 28
8 9 19 20 23 33
8 9 19 20 23 44
8 9 19 20 23 49
8 9 19 20 25 28
8 9 19 20 25 33
8 9 19 20 25 44
8 9 19 20 25 49
8 9 19 20 28 33
8 9 19 20 28 44
8 9 19 20 28 49
8 9 19 20 33 44
8 9 19 20 33 49
8 9 19 20 44 49
8 9 19 23 25 28
8 9 19 23 25 44
8 9 19 23 28 33
8 9 19 23 28 44
8 9 19 23 28 49
8 9 19 23 33 44
8 9 19 23 44 49
8 9 19 25 28 33
8 9 19 25 28 44
8 9 19 25 28 49
8 9 19 25 33 44
8 9 19 25 44 49
8 9 19 28 33 44
8 9 19 28 33 49
8 9 19 28 44 49
8 9 19 33 44 49
8 9 20 23 25 33
8 9 20 23 25 44
8 9 20 23 25 49
8 9 20 23 28 33
8 9 20 23 28 44
8 9 20 23 28 49
8 9 20 23 33 44
8 9 20 23 33 49
8 9 20 23 44 49
8 9 20 25 28 33
8 9 20 25 28 44
8 9 20 25 28 49
8 9 20 25 33 44
8 9 20 25 33 49
8 9 20 25 44 49
8 9 20 28 33 44
8 9 20 28 33 49
8 9 20 28 44 49
8 9 20 33 44 49
8 9 23 25 28 33
8 9 23 25 28 44
8 9 23 25 28 49
8 9 23 25 33 44
8 9 23 25 44 49
8 9 23 28 33 44
8 9 23 28 33 49
8 9 23 28 44 49
8 9 23 33 44 49
8 9 25 28 33 44
8 9 25 28 33 49
8 9 25 28 44 49
8 9 25 33 44 49
8 9 28 33 44 49
8 11 13 19 20 23
8 11 13 19 20 25
8 11 13 19 20 28
8 11 13 19 20 33
8 11 13 19 20 44
8 11 13 19 20 49
8 11 13 19 23 28
8 11 13 19 23 44
8 11 13 19 25 28
8 11 13 19 25 44
8 11 13 19 28 33
8 11 13 19 28 44
8 11 13 19 28 49
8 11 13 19 33 44
8 11 13 19 44 49
8 11 13 20 23 25
8 11 13 20 23 28
8 11 13 20 23 33
8 11 13 20 23 44
8 11 13 20 23 49
8 11 13 20 25 28
8 11 13 20 25 33
8 11 13 20 25 44
8 11 13 20 25 49
8 11 13 20 28 33
8 11 13 20 28 44
8 11 13 20 28 49
8 11 13 20 33 44
8 11 13 20 33 49
8 11 13 20 44 49
8 11 13 23 25 28
8 11 13 23 25 44
8 11 13 23 28 33
8 11 13 23 28 44
8 11 13 23 28 49
8 11 13 23 33 44
8 11 13 23 44 49
8 11 13 25 28 33
8 11 13 25 28 44
8 11 13 25 28 49
8 11 13 25 33 44
8 11 13 25 44 49
8 11 13 28 33 44
8 11 13 28 33 49
8 11 13 28 44 49
8 11 13 33 44 49
8 11 19 20 23 25
8 11 19 20 23 28
8 11 19 20 23 33
8 11 19 20 23 44
8 11 19 20 23 49
8 11 19 20 25 28
8 11 19 20 25 33
8 11 19 20 25 44
8 11 19 20 25 49
8 11 19 20 28 33
8 11 19 20 28 44
8 11 19 20 28 49
8 11 19 20 33 44
8 11 19 20 33 49
8 11 19 20 44 49
8 11 19 23 25 28
8 11 19 23 25 44
8 11 19 23 28 33
8 11 19 23 28 44
8 11 19 23 28 49
8 11 19 23 33 44
8 11 19 23 44 49
8 11 19 25 28 33
8 11 19 25 28 44
8 11 19 25 28 49
8 11 19 25 33 44
8 11 19 25 44 49
8 11 19 28 33 44
8 11 19 28 33 49
8 11 19 28 44 49
8 11 19 33 44 49
8 11 20 23 25 33
8 11 20 23 25 44
8 11 20 23 25 49
8 11 20 23 28 33
8 11 20 23 28 44
8 11 20 23 28 49
8 11 20 23 33 44
8 11 20 23 33 49
8 11 20 23 44 49
8 11 20 25 28 33
8 11 20 25 28 44
8 11 20 25 28 49
8 11 20 25 33 44
8 11 20 25 33 49
8 11 20 25 44 49
8 11 20 28 33 44
8 11 20 28 33 49
8 11 20 28 44 49
8 11 20 33 44 49
8 11 23 25 28 33
8 11 23 25 28 44
8 11 23 25 28 49
8 11 23 25 33 44
8 11 23 25 44 49
8 11 23 28 33 44
8 11 23 28 33 49
8 11 23 28 44 49
8 11 23 33 44 49
8 11 25 28 33 44
8 11 25 28 33 49
8 11 25 28 44 49
8 11 25 33 44 49
8 11 28 33 44 49
8 13 19 20 23 25
8 13 19 20 23 28
8 13 19 20 23 33
8 13 19 20 23 44
8 13 19 20 23 49
8 13 19 20 25 28
8 13 19 20 25 33
8 13 19 20 25 44
8 13 19 20 25 49
8 13 19 20 28 33
8 13 19 20 28 44
8 13 19 20 28 49
8 13 19 20 33 44
8 13 19 20 33 49
8 13 19 20 44 49
8 13 19 23 25 28
8 13 19 23 25 44
8 13 19 23 28 33
8 13 19 23 28 44
8 13 19 23 28 49
8 13 19 23 33 44
8 13 19 23 44 49
8 13 19 25 28 33
8 13 19 25 28 44
8 13 19 25 28 49
8 13 19 25 33 44
8 13 19 25 44 49
8 13 19 28 33 44
8 13 19 28 33 49
8 13 19 28 44 49
8 13 19 33 44 49
8 13 20 23 25 33
8 13 20 23 25 44
8 13 20 23 25 49
8 13 20 23 28 33
8 13 20 23 28 44
8 13 20 23 28 49
8 13 20 23 33 44
8 13 20 23 33 49
8 13 20 23 44 49
8 13 20 25 28 33
8 13 20 25 28 44
8 13 20 25 28 49
8 13 20 25 33 44
8 13 20 25 33 49
8 13 20 25 44 49
8 13 20 28 33 44
8 13 20 28 33 49
8 13 20 28 44 49
8 13 20 33 44 49
8 13 23 25 28 33
8 13 23 25 28 44
8 13 23 25 28 49
8 13 23 25 33 44
8 13 23 25 44 49
8 13 23 28 33 44
8 13 23 28 33 49
8 13 23 28 44 49
8 13 23 33 44 49
8 13 25 28 33 44
8 13 25 28 33 49
8 13 25 28 44 49
8 13 25 33 44 49
8 13 28 33 44 49
8 19 20 23 25 33
8 19 20 23 25 44
8 19 20 23 25 49
8 19 20 23 28 33
8 19 20 23 28 44
8 19 20 23 28 49
8 19 20 23 33 44
8 19 20 23 33 49
8 19 20 23 44 49
8 19 20 25 28 33
8 19 20 25 28 44
8 19 20 25 28 49
8 19 20 25 33 44
8 19 20 25 33 49
8 19 20 25 44 49
8 19 20 28 33 44
8 19 20 28 33 49
8 19 20 28 44 49
8 19 20 33 44 49
8 19 23 25 28 33
8 19 23 25 28 44
8 19 23 25 28 49
8 19 23 25 33 44
8 19 23 25 44 49
8 19 23 28 33 44
8 19 23 28 33 49
8 19 23 28 44 49
8 19 23 33 44 49
8 19 25 28 33 44
8 19 25 28 33 49
8 19 25 28 44 49
8 19 25 33 44 49
8 19 28 33 44 49
8 20 23 25 33 44
8 20 23 25 33 49
8 20 23 25 44 49
8 20 23 28 33 44
8 20 23 28 33 49
8 20 23 28 44 49
8 20 23 33 44 49
8 20 25 28 33 44
8 20 25 28 33 49
8 20 25 28 44 49
8 20 25 33 44 49
8 20 28 33 44 49
8 23 25 28 33 44
8 23 25 28 33 49
8 23 25 28 44 49
8 23 25 33 44 49
8 23 28 33 44 49
8 25 28 33 44 49
9 11 13 19 20 28
9 11 13 19 20 44
9 11 13 19 28 44
9 11 13 20 23 28
9 11 13 20 23 44
9 11 13 20 25 28
9 11 13 20 25 44
9 11 13 20 28 33
9 11 13 20 28 44
9 11 13 20 28 49
9 11 13 20 33 44
9 11 13 20 44 49
9 11 13 23 28 44
9 11 13 25 28 44
9 11 13 28 33 44
9 11 13 28 44 49
9 11 19 20 23 28
9 11 19 20 23 44
9 11 19 20 25 28
9 11 19 20 25 44
9 11 19 20 28 33
9 11 19 20 28 44
9 11 19 20 28 49
9 11 19 20 33 44
9 11 19 20 44 49
9 11 19 23 28 44
9 11 19 25 28 44
9 11 19 28 33 44
9 11 19 28 44 49
9 11 20 23 25 44
9 11 20 23 28 33
9 11 20 23 28 44
9 11 20 23 28 49
9 11 20 23 33 44
9 11 20 23 44 49
9 11 20 25 28 33
9 11 20 25 28 44
9 11 20 25 28 49
9 11 20 25 33 44
9 11 20 25 44 49
9 11 20 28 33 44
9 11 20 28 33 49
9 11 20 28 44 49
9 11 20 33 44 49
9 11 23 25 28 44
9 11 23 28 33 44
9 11 23 28 44 49
9 11 25 28 33 44
9 11 25 28 44 49
9 11 28 33 44 49
9 13 19 20 23 28
9 13 19 20 23 44
9 13 19 20 25 28
9 13 19 20 25 44
9 13 19 20 28 33
9 13 19 20 28 44
9 13 19 20 28 49
9 13 19 20 33 44
9 13 19 20 44 49
9 13 19 23 28 44
9 13 19 25 28 44
9 13 19 28 33 44
9 13 19 28 44 49
9 13 20 23 25 44
9 13 20 23 28 33
9 13 20 23 28 44
9 13 20 23 28 49
9 13 20 23 33 44
9 13 20 23 44 49
9 13 20 25 28 33
9 13 20 25 28 44
9 13 20 25 28 49
9 13 20 25 33 44
9 13 20 25 44 49
9 13 20 28 33 44
9 13 20 28 33 49
9 13 20 28 44 49
9 13 20 33 44 49
9 13 23 25 28 44
9 13 23 28 33 44
9 13 23 28 44 49
9 13 25 28 33 44
9 13 25 28 44 49
9 13 28 33 44 49
9 19 20 23 25 44
9 19 20 23 28 33
9 19 20 23 28 44
9 19 20 23 28 49
9 19 20 23 33 44
9 19 20 23 44 49
9 19 20 25 28 33
9 19 20 25 28 44
9 19 20 25 28 49
9 19 20 25 33 44
9 19 20 25 44 49
9 19 20 28 33 44
9 19 20 28 33 49
9 19 20 28 44 49
9 19 20 33 44 49
9 19 23 25 28 44
9 19 23 28 33 44
9 19 23 28 44 49
9 19 25 28 33 44
9 19 25 28 44 49
9 19 28 33 44 49
9 20 23 25 33 44
9 20 23 25 44 49
9 20 23 28 33 44
9 20 23 28 33 49
9 20 23 28 44 49
9 20 23 33 44 49
9 20 25 28 33 44
9 20 25 28 33 49
9 20 25 28 44 49
9 20 25 33 44 49
9 20 28 33 44 49
9 23 25 28 33 44
9 23 25 28 44 49
9 23 28 33 44 49
9 25 28 33 44 49
11 13 19 20 23 28
11 13 19 20 23 44
11 13 19 20 25 28
11 13 19 20 25 44
11 13 19 20 28 33
11 13 19 20 28 44
11 13 19 20 28 49
11 13 19 20 33 44
11 13 19 20 44 49
11 13 19 23 28 44
11 13 19 25 28 44
11 13 19 28 33 44
11 13 19 28 44 49
11 13 20 23 25 44
11 13 20 23 28 33
11 13 20 23 28 44
11 13 20 23 28 49
11 13 20 23 33 44
11 13 20 23 44 49
11 13 20 25 28 33
11 13 20 25 28 44
11 13 20 25 28 49
11 13 20 25 33 44
11 13 20 25 44 49
11 13 20 28 33 44
11 13 20 28 33 49
11 13 20 28 44 49
11 13 20 33 44 49
11 13 23 25 28 44
11 13 23 28 33 44
11 13 23 28 44 49
11 13 25 28 33 44
11 13 25 28 44 49
11 13 28 33 44 49
11 19 20 23 25 44
11 19 20 23 28 33
11 19 20 23 28 44
11 19 20 23 28 49
11 19 20 23 33 44
11 19 20 23 44 49
11 19 20 25 28 33
11 19 20 25 28 44
11 19 20 25 28 49
11 19 20 25 33 44
11 19 20 25 44 49
11 19 20 28 33 44
11 19 20 28 33 49
11 19 20 28 44 49
11 19 20 33 44 49
11 19 23 25 28 44
11 19 23 28 33 44
11 19 23 28 44 49
11 19 25 28 33 44
11 19 25 28 44 49
11 19 28 33 44 49
11 20 23 25 33 44
11 20 23 25 44 49
11 20 23 28 33 44
11 20 23 28 33 49
11 20 23 28 44 49
11 20 23 33 44 49
11 20 25 28 33 44
11 20 25 28 33 49
11 20 25 28 44 49
11 20 25 33 44 49
11 20 28 33 44 49
11 23 25 28 33 44
11 23 25 28 44 49
11 23 28 33 44 49
11 25 28 33 44 49
13 19 20 23 25 44
13 19 20 23 28 33
13 19 20 23 28 44
13 19 20 23 28 49
13 19 20 23 33 44
13 19 20 23 44 49
13 19 20 25 28 33
13 19 20 25 28 44
13 19 20 25 28 49
13 19 20 25 33 44
13 19 20 25 44 49
13 19 20 28 33 44
13 19 20 28 33 49
13 19 20 28 44 49
13 19 20 33 44 49
13 19 23 25 28 44
13 19 23 28 33 44
13 19 23 28 44 49
13 19 25 28 33 44
13 19 25 28 44 49
13 19 28 33 44 49
13 20 23 25 33 44
13 20 23 25 44 49
13 20 23 28 33 44
13 20 23 28 33 49
13 20 23 28 44 49
13 20 23 33 44 49
13 20 25 28 33 44
13 20 25 28 33 49
13 20 25 28 44 49
13 20 25 33 44 49
13 20 28 33 44 49
13 23 25 28 33 44
13 23 25 28 44 49
13 23 28 33 44 49
13 25 28 33 44 49
19 20 23 25 33 44
19 20 23 25 44 49
19 20 23 28 33 44
19 20 23 28 33 49
19 20 23 28 44 49
19 20 23 33 44 49
19 20 25 28 33 44
19 20 25 28 33 49
19 20 25 28 44 49
19 20 25 33 44 49
19 20 28 33 44 49
19 23 25 28 33 44
19 23 25 28 44 49
19 23 28 33 44 49
19 25 28 33 44 49
20 23 25 33 44 49
20 23 28 33 44 49
20 25 28 33 44 49
23 25 28 33 44 49
